1003.9859974694222 933.4739974694224 1336.0140025305777 1265.502002530578
964.5268797975457 1085.582879797554 1260.6571202024381 1381.7131202024464
1131.8717840573668 3141.1517840573592 1426.5282159426474 3435.80821594264
2795.1857612821645 2318.4497612821606 3082.8942387178454 2606.1582387178414
3319.0323137916466 55.512313791648666 3581.159686208349 317.63968620835044
448.0938473217999 2782.477847321804 678.8501526781896 3013.234152678194
1123.6829354702743 178.94693547026571 1353.5970645297427 408.8610645297343
302.45393167440295 2283.6539316743992 531.210068325605 2512.410068325601
3016.441265288902 1666.105265288908 3236.038734711087 1885.7027347110925
901.8258017714044 1732.369801771404 1118.6861982285955 1949.230198228595
1214.5550738085224 2563.019073808519 1431.2049261914833 2779.6689261914794
1746.0459552931277 3442.0779552931253 1954.274044706877 3650.3060447068747
3218.2351277941816 296.66712779418026 3423.620872205822 502.0528722058209
1090.2074803880168 2917.9034803880227 1292.224519611973 3119.9205196119788
1879.605641501483 1837.1736415014757 2075.3063584985307 2032.8743584985232
1579.5524386334835 192.4004386334884 1768.8315613665075 381.6795613665124
2630.5042395613664 1003.7362395613667 2814.519760438633 1187.7517604386337
2525.642500210886 412.1545002108812 2705.9734997891233 592.4854997891182
1633.277496415012 3592.6374964150145 1812.4505035849822 3771.810503584985
3096.7459333614534 3369.433933361452 3270.5500666385515 3543.23806663855
2570.7520944748994 884.704094474905 2738.239905525089 1052.1919055250949
670.5073437368218 1382.4913437368207 830.8366562631819 1542.820656263181
2377.357887811043 111.61388781105086 2537.2661121889423 271.5221121889505
3193.8657039224013 750.2817039223956 3353.1422960776104 909.5582960776045
199.4026081822003 787.834608182201 357.20539181779714 945.6373918177978
191.65906031210005 3437.0830603121044 348.72493968789087 3594.1489396878956
2185.3772214255528 3098.2892214255576 2336.1267785744353 3249.03877857444
3117.7461256853735 1799.8581256853656 3267.021874314644 1949.133874314636
148.13775790805227 3214.473757908055 296.1502420919409 3362.486242091944
2248.936003374109 2670.7600033741037 2388.631996625901 2810.4559966258958
3413.064455504 2589.3844555040064 3552.0235444959862 2728.343544495993
3253.516524673129 1115.068524673134 3385.8434753268616 1247.3954753268667
2949.019789118523 1172.4917891185157 3078.8202108814926 1302.2922108814848
983.9537815267832 3670.8977815267813 1111.4382184732194 3798.3822184732176
1383.4793218051527 3071.3993218051455 1509.3846781948619 3197.304678194854
2612.3084943061976 185.57249430620064 2735.371505693798 308.63550569380084
2689.481582454652 400.02558245466093 2811.7024175453316 522.2464175453399
114.30148291859749 1844.0294829185987 233.89051708139797 1963.6185170813992
3119.853935048502 1011.3579350485024 3238.7060649514965 1130.2100649514969
1094.3651994938896 1829.4371994938836 1210.690800506121 1945.762800506115
1636.6669928300348 977.0989928300297 1745.4130071699756 1085.8450071699706
1831.7913454238778 3288.2073454238716 1937.1686545761345 3393.584654576128
2609.1000657950294 1273.116065795024 2712.371934204983 1376.3879342049777
428.3856060733872 1840.497606073386 530.0783939266137 1942.1903939266124
442.32415014761204 2065.9721501476165 543.595849852378 2167.243849852382
3270.510326444537 3022.782326444538 3370.0976735554605 3122.3696735554613
2574.239230704349 1426.703230704343 2672.3527692956604 1524.8167692956547
288.3922193167508 3634.904219316744 383.0317806832628 3729.5437806832556
314.81076339098206 2460.7467633909732 409.02923660903355 2554.9652366090245
347.0032155208774 2686.3792155208766 440.4847844791229 2779.8607844791222
244.25375959511265 2216.717759595107 337.31424040489753 2309.778240404892
1903.0036676507775 3237.739667650781 1995.748332349217 3330.484332349221
1815.906847743574 -31.757152256432477 1908.1251522564376 60.46115225643129
2576.09675579924 2551.7607557992415 2667.999244200758 2643.6632442007594
2550.438012652896 298.42201265288884 2637.4979873471175 385.4819873471107
42.0182808941348 2468.754280894137 127.70971910585982 2554.445719105862
1766.3408249683685 3368.7728249683673 1851.6111750316327 3454.0431750316316
3624.9286410797185 2255.2486410797123 3709.5673589202925 2339.8873589202863
1596.4099131168311 3371.0659131168277 1680.8380868831744 3455.494086883171
2383.123637283844 1347.283637283846 2466.6043627161507 1430.7643627161528
928.9107178405719 2083.9347178405733 1009.2332821594247 2164.257282159426
3571.708625896253 1694.7166258962468 3651.7153741037605 1774.7233741037542
490.44926191480033 3515.601261914804 570.3507380851926 3595.502738085196
111.01225811894581 3564.852258118937 189.75574188107151 3643.5957418810626
3594.3007946014327 594.7327946014334 3670.3072053985647 670.7392053985654
2314.492059046816 2931.0040590468157 2387.971940953185 3004.4839409531846
3572.3257832138256 329.39778321383403 3644.858216786158 401.9302167861664
-2.141496415016462 3469.794503584986 68.28549641501306 3540.2214964150153
1613.5074078447856 3207.827407844792 1682.460592155203 3276.78059215521
2629.6425879375824 23.19458793757898 2698.0694120624244 91.62141206242083
886.4497680303634 2817.1057680303666 954.3502319696295 2885.0062319696326
2946.379040067489 1704.619040067483 3014.068959932525 1772.3089599325187
1983.2388561788268 15.766856178827773 2050.2971438211716 82.82514382117279
462.8743045128707 309.9943045128633 528.0376954871432 375.1576954871358
2176.5362125685315 68.04021256853642 2241.3837874314586 132.88778743146347
1414.737484605644 3014.0494846056527 1479.374515394341 3078.686515394349
3337.3867566427703 2066.2987566427664 3401.813243357237 2130.725243357233
2567.17547701391 1153.8154770139174 2629.496522986074 1216.136522986081
131.7034770139155 2509.143477013919 194.02452298607912 2571.464522986083
3407.13211303247 3231.1641130324765 3469.3478869675187 3293.379886967525
1071.9212011809338 3428.7692011809363 1133.294798819061 3490.142798819064
1033.9624732180446 1619.2744732180504 1095.1255267819415 1680.4375267819473
2307.704381273733 370.1843812737239 2368.5516187262847 431.03161872627555
887.2248334036265 1479.4008334036278 947.3351665963721 1539.5111665963734
2573.9494694221858 3293.421469422185 2633.9545305778165 3353.426530577816
70.67201349641587 1626.304013496415 130.25598650358583 1685.887986503585
2683.412649514981 301.60464951497306 2742.8913504850357 361.08335048502795
67.19119358920358 1581.6391935892034 126.24880641079784 1640.6968064107978
1768.4783736819907 1122.014373681991 1827.0096263180092 1180.5456263180095
2812.2274618304496 537.1234618304516 2869.916538169547 594.812538169549
1473.0258220160306 3151.585822016027 1529.6621779839768 3208.222177983973
2168.838458034576 2360.406458034584 2225.3695419654073 2416.937541965415
2388.020366090266 818.6603660902568 2444.2356339097514 874.8756339097423
1898.2856381273657 2174.7176381273725 1954.2903618726207 2230.722361872628
2977.392182201604 1073.568182201603 3032.975817798399 1129.1518177983974
2558.7408182201666 2149.3968182201606 2614.219181779846 2204.87518177984
2731.025086461401 3210.881086461409 2785.1349135385835 3264.9909135385915
98.42172247996214 2064.6457224799665 152.42627752002963 2118.650277520034
3018.8469945170814 44.23899451708182 3072.641005482919 98.03300548291902
921.1245347954454 2908.5645347954446 973.3394652045555 2960.7794652045545
23.917806832567905 2265.3258068325604 75.9221931674477 2317.3301931674405
3539.954894981019 2442.9628949810203 3591.1171050189782 2494.1251050189794
298.7486191480422 2148.2846191480394 348.9633808519646 2198.499380851962
3509.597071277934 2226.029071277941 3559.07492872205 2275.506928722057
3112.4248873892793 1957.4008873892863 3161.271112610705 2006.2471126107116
592.45733951919 1399.2893395191893 640.5666604808094 1447.398660480809
2015.282611556306 3352.514611556306 2063.181388443695 3400.4133884436956
2681.143247574868 2827.7832475748633 2728.936752425142 2875.5767524251373
397.97988359341286 1216.0438835934203 445.6681164065718 1263.7321164065795
518.7803357233233 3210.092335723323 565.7316642766764 3257.043664276676
2749.0089717418887 1077.3129717418806 2795.8550282581264 1124.1590282581183
2587.3929717418796 848.9289717418804 2634.2390282581173 895.7750282581184
1560.3416077604454 1531.0136077604382 1607.0823922395682 1577.754392239561
1112.6254238717797 3503.1694238717837 1158.7345761282118 3549.2785761282157
1532.945876001684 1115.489876001687 1578.3181239983098 1160.8621239983129
3496.884420075909 3075.6844200759174 3541.835579924074 3120.6355799240823
3334.8023281315873 2116.1303281315895 3379.437671868407 2160.7656718684093
1438.729508224383 1266.5055082243787 1482.8384917756273 1310.614491775623
3610.302144242934 1468.1101442429365 3654.3058557570635 1512.1138557570655
3689.189324335725 489.9413243357236 3732.6666756642785 533.418675664277
1221.795684521293 2178.3876845212985 1264.2203154786948 2220.8123154787004
1449.5556845212984 1207.4436845212986 1491.9803154787003 1249.8683154787004
1239.688772669766 2414.0567726697604 1281.2712273302468 2455.6392273302413
636.9047726697609 2478.328772669759 678.4872273302417 2519.91122733024
2089.682044706878 2761.7300447068747 2131.053955293128 2803.101955293125
2031.815584985245 3183.0955849852376 2071.6084150147685 3222.888415014761
3537.1217612821674 150.04976128216015 3575.230238717849 188.1582387178413
2785.3070333192745 2376.587033319274 2823.204966680725 2414.4849666807245
1412.664941374954 2204.5209413749462 1450.2470586250595 2242.1030586250517
1288.6468494306193 1245.5908494306198 1325.9131505693792 1282.8571505693797
165.49948544916975 1462.1714854491784 202.66051455081464 1499.3325145508234
1392.2834854491746 1047.2114854491774 1429.4445145508196 1084.3725145508224
651.6481214677428 1001.0881214677356 688.7038785322725 1038.1438785322653
3125.913393504842 1656.393393504851 3162.758606495142 1693.2386064951504
1733.9273015605183 770.4713015605224 1770.4566984394726 807.0006984394764
1093.1319375790843 3142.347937579081 1129.5560624209231 3178.7720624209205
71.07257359763855 3634.7365735976377 107.3914264023623 3671.0554264023617
3016.510481653311 1622.4944816533114 3052.513518346689 1658.4975183466897
3377.1824816533126 2043.070481653311 3413.1855183466905 2079.073518346689
3537.0317536904276 561.1757536904265 3572.8242463095758 596.9682463095746
2340.8763897089843 1255.740389708984 2376.563610291017 1291.4276102910167
2494.643569801778 1071.299569801771 2529.804430198235 1106.4604301982283
1480.0722058203323 1105.6722058203293 1515.1277941796743 1140.7277941796713
1782.1934778574357 1880.7854778574454 1817.0385221425474 1915.630522142557
781.9214778574478 846.1934778574441 816.7665221425596 881.0385221425558
3686.7467498945634 765.1787498945589 3721.3812501054454 799.8132501054404
1411.1240219316664 2181.764021931675 1445.5479780683177 2216.187978068326
1415.4920219316696 3122.7560219316742 1449.9159780683208 3157.1799780683255
1313.1560219316775 804.5960219316748 1347.5799780683287 839.019978068326
700.4406579502355 3179.592657950233 734.7593420497716 3213.911342049769
-12.062070012646789 2394.0819299873474 22.04607001265899 2428.1900700126535
1252.3198380430147 2381.759838043021 1286.1121619569751 2415.552161956981
378.2537460986986 1331.7257460986934 411.7302539013136 1365.2022539013083
2969.7783821172516 558.6423821172501 3003.149617882751 592.0136178827498
2708.5329261914744 2953.7649261914817 2741.4830738085134 2986.7150738085206
3358.1695622100297 3514.793562210037 3391.014437789954 3547.6384377899617
1295.9021982286008 2157.022198228596 1328.64180177141 2189.7618017714053
2213.2874702657155 996.4874702657106 2245.816529734294 1029.0165297342892
2042.41674230283 1044.6407423028256 2074.7352576971784 1076.9592576971738
2263.3127423028204 383.20074230282637 2295.631257697169 415.5192576971748
2898.860558414167 230.01255841417145 2930.5474415858243 261.699441585829
887.1898304512881 1283.429830451287 918.6661695487153 1314.9061695487142
3391.301830451291 1551.7498304512867 3422.778169548719 1583.2261695487139
1720.2298304512933 1306.5178304512863 1751.7061695487205 1337.9941695487134
3234.106466469843 994.5704664698438 3265.477533530155 1025.941533530156
3078.1591024884005 1886.9431024884013 3109.4248975115975 1918.2088975115983
2307.5717385069674 2632.675738506959 2338.732261493049 2663.8362614930406
659.7456465626278 2948.577646562632 690.5903534373642 2979.422353437368
525.014282581198 1573.3342825811892 555.7537174188193 1604.0737174188102
2859.4509185997467 2780.2029185997476 2890.0850814002524 2810.8370814002533
2979.882918599754 2399.5629185997477 3010.5170814002595 2430.1970814002534
1238.975554618299 2725.967554618305 1269.5044453816897 2756.496445381696
3410.6008266554254 1381.9768266554202 3440.919173344586 1412.2951733445807
3139.4240067482124 260.91200674820794 3169.215993251797 290.70399325179295
1739.7920067482148 1446.5120067482064 1769.5839932518 1476.3039932517916
3517.2598228595507 1302.0598228595527 3546.420177140445 1331.220177140447
3709.451822859546 220.66782285955298 3738.6121771404405 249.8281771404471
1358.9490948966643 1409.4930948966685 1387.898905103328 1438.4429051033321
1566.1170948966603 2392.9170948966685 1595.066905103324 2421.866905103332
1817.017730915227 1517.4977309152243 1845.8622690847758 1546.342269084773
1538.3002749894556 821.9482749894557 1566.7237250105438 850.371725010544
3494.6455470265655 838.277547026571 3522.8584529734235 866.490452973429
779.0501830451203 1075.450183045129 807.1578169548629 1103.5578169548717
217.45018304513445 2100.0581830451297 245.55781695487718 2128.1658169548723
1901.6788190636819 1969.0708190636865 1929.6811809363096 1997.0731809363142
1432.483455082251 503.97145508224384 1460.3805449177635 531.8685449177563
1060.6847271193642 2894.62072711936 1088.3712728806463 2922.307272880642
1187.4619991564812 3569.2699991564746 1214.938000843533 3596.746000843527
2231.5192711935974 2670.8152711935886 2258.784728806419 2698.08072880641
2785.0072711935977 147.9832711935892 2812.2727288064193 175.24872880641078
2758.8519072121544 712.1319072121468 2786.0120927878606 739.2920927878532
1801.6359072121418 459.4119072121465 1828.796092787848 486.57209278785297
214.856543230713 1057.8805432307047 241.91145676930432 1084.935456769296
2547.473815267828 3579.5698152678187 2574.318184732189 3606.41418473218
3088.4818152678217 635.537815267819 3115.326184732183 662.3821847321801
496.5963593420543 1693.4283593420494 523.0196406579548 1719.85164065795
1705.442267397717 3427.0582673977233 1731.549732602272 3453.1657326022787
316.4709034162748 2867.3829034162795 342.4730965837147 2893.3850965837196
1329.4860835090744 772.2540835090676 1354.9619164909386 797.7299164909318
1141.0380835090614 3674.4780835090673 1166.5139164909256 3699.9539164909315
3478.128627583295 2781.744627583299 3503.1833724166986 2806.7993724167027
1645.440627583305 2686.896627583298 1670.4953724167087 2711.951372416702
3198.681899620405 2870.457899620414 3223.526100379578 2895.302100379587
1317.4271716575286 977.9711716575284 1342.0608283424717 1002.6048283424716
3729.1871716575342 2280.2591716575284 3753.8208283424774 2304.8928283424716
3392.903807676082 40.77580767608646 3417.43219232391 65.30419232391438
2142.4604436946456 785.2604436946439 2166.883556305358 809.6835563053565
1803.0570797131961 1438.641079713201 1827.3749202867937 1462.9589202867985
2983.0410797132076 1365.0090797132018 3007.3589202868056 1389.3269202867993
2563.76571573175 1618.4057157317584 2587.9782842682325 1642.618284268241
3427.434351750316 543.9303517503163 3451.5416482496835 568.0376482496836
1833.1669877688698 597.0229877688747 1857.1690122311222 621.0250122311269
1366.4149877688758 1592.9269877688732 1390.4170122311282 1616.9290122311256
806.844895824554 942.2528958245466 830.5311041754608 965.9391041754534
2047.4621678616688 1305.5261678616623 2070.937832138345 1329.0018321383388
2727.6748038802107 883.7548038802198 2751.0451961197723 907.1251961197812
2802.607439898771 217.37543989877716 2825.8725601012175 240.64056010122337
185.55143989877845 2333.983439898777 208.81656010122467 2357.248560101223
904.4520759173278 2091.3000759173356 927.6119240826589 2114.4599240826665
802.7927119358962 422.15271193589234 825.8472880641123 445.20728806410824
3496.081983973013 679.3459839730067 3518.9260160269987 702.1900160269925
1126.8066199915725 2107.1106199915644 1149.5453800084429 2129.8493800084348
417.3712560101297 79.16325601012187 440.00474398988507 101.79674398987726
3318.9712560101157 2268.779256010122 3341.6047439898707 2291.412743989877
1598.6032560101303 565.8832560101231 1621.2367439898858 588.5167439898784
431.2045280472394 1063.3165280472372 453.62747195276455 1085.7394719527624
1183.7485280472324 3655.412528047238 1206.1714719527577 3677.8354719527633
527.4584361029099 2765.7464361029097 549.5655638970895 2787.8535638970898
97.57507212147185 746.5350721214678 119.57692787853638 768.5369278785323
1781.9089801771345 3542.2129801771403 1803.5950198228536 3563.899019822859
2759.769616195697 1287.1296161956968 2781.350383804301 1308.7103838043006
1364.505616195703 3582.201616195697 1386.0863838043067 3603.7823838043014
1597.3102522142544 1416.3502522142549 1618.7857477857433 1437.8257477857437
2421.042888232808 1902.4988882328125 2442.4131117671814 1923.869111767186
844.818888232819 195.85888823281303 866.1891117671927 217.2291117671867
2387.504796288479 340.1607962884855 2408.5592037115075 361.21520371151377
3275.4567962884803 2980.928796288486 3296.5112037115086 3001.9832037115143
2700.18143230704 1565.1254323070425 2721.130567692953 1586.0745676929555
176.7780683256081 976.7460683256012 197.62193167440608 997.589931674399
785.8020683256076 1027.290068325601 806.6459316744055 1048.133931674399
479.4180683255989 2146.122068325601 500.26193167439686 2166.9659316743987
963.694704344163 1245.7427043441596 984.4332956558458 1266.4812956558424
3374.2067043441625 133.77470434415835 3394.9452956558457 154.5132956558412
3645.0227043441605 2751.4547043441576 3665.7612956558437 2772.1932956558408
2830.2366123998268 3175.308612399832 2850.659387600164 3195.731387600169
387.9006123998346 1730.7486123998306 408.32338760017194 1751.1713876001681
124.62524841839397 3427.4572484183886 144.94275158161625 3447.7747515816113
514.625248418394 3376.2892484183885 534.9427515816162 3396.606751581611
3282.0652484183956 1301.489248418389 3302.3827515816183 1321.8067515816113
404.8012484183839 779.8252484183888 425.11875158160615 800.142751581611
1411.3132484183839 1986.6412484183884 1431.630751581606 2006.9587515816106
2982.597884436942 1033.2218844369468 3002.8101155630493 1053.434115563054
995.1578844369402 3096.789884436946 1015.3701155630473 3117.0021155630534
2924.565884436948 1933.0298844369468 2944.7781155630555 1953.242115563054
3297.1465204555107 2165.210520455504 3317.2534795445026 2185.317479544496
701.3065204554955 1500.0265204555053 721.4134795444875 1520.1334795444973
1607.4071564740693 3500.6231564740624 1627.4088435259464 3520.624843525939
2237.128428511176 1519.5284285111773 2256.919571488823 1539.3195714888236
53.8050645297367 1323.6450645297346 73.49093547026813 1343.330935470266
622.8930645297405 2012.541064529734 642.578935470272 2032.2269354702655
3304.8450645297416 896.8290645297343 3324.530935470273 916.5149354702658
260.4017005482873 372.721700548292 279.9822994517036 392.30229945170834
2037.5537005482956 706.5617005482912 2057.1342994517117 726.1422994517076
1254.4337005482985 124.99370054829151 1274.0142994517146 144.5742994517078
466.3217005482951 1858.465700548292 485.90229945171143 1878.0462994517081
679.1583365668578 2352.7263365668505 698.633663433159 2372.201663433151
3427.930972585398 2712.8269725854066 3447.3010274145845 2732.197027414593
895.1676086039574 1079.871608603965 914.4323913960284 1099.1363913960358
3569.0602446225307 3549.7162446225225 3588.2197553774863 3568.875755377478
2097.044244622525 3317.588244622523 2116.203755377481 3336.7477553774784
3200.9528806410863 948.9368806410797 3220.0071193589265 967.9911193589202
2721.7208806410854 2207.54488064108 2740.7751193589256 2226.5991193589202
1933.037516659637 860.3815166596376 1951.9864833403624 879.3304833403629
117.8215166596421 909.6775166596378 136.77048334036755 928.6264833403632
2890.8775166596347 1214.8135166596373 2909.8264833403605 1233.7624833403627
1525.5655166596425 2937.053516659638 1544.5144833403679 2956.0024833403636
2898.4181526781927 3224.770152678195 2917.261847321803 3243.613847321805
1091.9381526781863 2331.8261526781944 1110.7818473217967 2350.669847321805
2900.914152678187 217.71415267819526 2919.7578473217973 236.55784732180558
1365.8741526781996 2157.730152678194 1384.71784732181 2176.5738473218044
1928.774788696749 3110.6307886967525 1947.5132113032441 3129.3692113032475
1065.1587886967577 3345.254788696753 1083.8972113032528 3363.9932113032482
1715.3667886967587 718.8387886967525 1734.1052113032538 737.5772113032476
1891.387424715305 1016.5394247153102 1910.0205752846853 1035.1725752846903
2934.7154247153035 1973.1314247153095 2953.348575284683 1991.7645752846897
3362.155424715305 849.3074247153098 3380.7885752846846 867.9405752846898
1829.6640607338693 616.6080607338674 1848.191939266134 635.1359392661323
1184.4480607338744 2406.2400607338664 1202.9759392661392 2424.7679392661316
2108.6446967524284 2148.5806967524236 2127.0673032475784 2167.0033032475735
3329.8126967524245 578.5966967524256 3348.2353032475744 597.0193032475753
65.66869675242798 2053.7326967524255 84.0913032475777 2072.1553032475754
2995.348696752424 451.9246967524256 3013.771303247574 470.34730324757527
701.0059687895435 2476.2859687895407 719.218031210463 2494.49803121046
2880.0139687895376 144.39796878954064 2898.2260312104568 162.61003121046008
2279.778604808102 956.8986048080976 2297.885395191906 975.0053951919019
1338.7866048080957 3182.706604808097 1356.8933951919 3200.813395191901
2098.194604808104 3006.738604808097 2116.301395191908 3024.845395191901
1997.1592408266579 2324.7592408266546 2015.1607591733468 2342.760759173344
121.41524082665741 2843.9272408266547 139.41675917334658 2861.928759173344
3356.2312408266557 1358.8072408266555 3374.232759173345 1376.8087591733445
1147.271240826661 1082.9992408266555 1165.2727591733499 1101.0007591733445
295.5638768452127 682.4438768452133 313.46012315478674 700.3401231547873
2494.5398768452133 1350.1238768452135 2512.4361231547873 1368.0201231547876
422.2885128637721 66.60851286377093 440.079487136231 84.3994871362298
2428.5537849008892 1192.409784900886 2446.134215099118 1209.9902150991145
222.14242091944612 2285.086420919442 239.61757908055955 2302.5615790805555
3219.8384209194473 532.8944209194433 3237.313579080561 550.3695790805568
911.0384209194367 3591.742420919443 928.5135790805502 3609.2175790805563
2962.231692956556 521.767692956558 2979.4963070434387 539.0323070434413
2956.6683289751213 185.48432897511583 2973.8276710248897 202.64367102488387
1492.7643289751197 665.9643289751159 1509.9236710248877 683.1236710248838
1581.3723289751172 10.76432897511649 1598.531671024885 27.92367102488452
422.0329649936721 1958.3209649936741 439.08703500632504 1975.3750350063272
3580.720964993679 3153.2809649936735 3597.775035006332 3170.3350350063265
2404.4809649936674 2163.6169649936746 2421.5350350063204 2180.6710350063277
619.8936010122343 3523.3656010122313 636.842398987772 3540.314398987769
2821.9896010122325 6.50160101223033 2838.93839898777 23.450398987768075
3392.3256010122245 2523.0936010122305 3409.274398987762 2540.042398987768
3392.378237030782 2601.146237030788 3409.2217629692045 2617.9897629692105
3356.8628730493465 3641.4068730493464 3373.6011269506544 3658.1451269506542
1891.7635090678957 976.9795090679041 1908.3964909320882 993.6124909320964
2077.715509067897 719.2675090679041 2094.3484909320896 735.9004909320964
245.02750906790752 1830.6115090679034 261.66049093209983 1847.244490932096
184.55214508645986 2591.3201450864617 201.07985491353702 2607.847854913539
1084.3601450864644 1969.1921450864618 1100.8878549135416 1985.719854913539
3492.37614508647 1971.0641450864618 3508.903854913547 1987.591854913539
833.5647811050125 3471.8367811050202 849.9872188949745 3488.259218894982
108.47678110502636 1522.4607811050184 124.8992188949884 1538.8832188949807
1017.0207811050194 424.8447811050195 1033.4432188949816 441.2672188949815
255.74078110502012 1193.612781105019 272.16321889498215 1210.0352188949812
834.1887811050154 2699.948781105019 850.6112188949775 2716.3712188949808
803.7180531421265 1970.598053142134 819.9299468578582 1986.8099468578655
3558.106689160694 2297.626689160692 3574.2133108393105 2313.7333108393086
2934.7833251792545 746.415325179249 2950.7846748207558 762.4166748207505
641.0119611978018 459.427961197807 656.9080388021882 475.3240388021934
1066.0085972163668 3259.368597216365 1081.7994027836378 3275.1594027836363
1487.2085972163559 2123.0645972163634 1502.999402783627 2138.855402783635
3278.712597216362 2171.736597216363 3294.5034027836336 2187.5274027836344
2873.7892332349184 106.34923323492153 2889.4747667650745 122.03476676507758
1647.0052332349137 492.60523323492185 1662.6907667650698 508.2907667650779
2420.817869253477 732.8978692534791 2436.398130746518 748.4781307465202
476.4338692534861 2287.2818692534797 492.014130746527 2302.8621307465205
2804.577869253483 1007.45786925348 2820.158130746524 1023.038130746521
1625.2705052720307 2701.046505272038 1640.7454947279566 2716.5214947279633
2389.0991412905996 793.5311412905951 2404.4688587094106 808.9008587094056
2768.4911412906026 2566.939141290595 2783.8608587094136 2582.308858709406
1826.9277773091508 1911.1677773091517 1842.1922226908464 1926.4322226908473
3496.1804133277155 1181.1404133277097 3511.339586672296 1196.29958667229
462.96904934626156 2643.849049346267 478.0229506537268 2658.9029506537318
3675.3210493462598 1730.3130493462675 3690.3749506537247 1745.3669506537328
1813.9816853648317 1401.5176853648247 1828.9303146351817 1416.4663146351747
2762.4616853648204 911.0536853648248 2777.410314635171 926.0023146351748
1184.4183213833803 2266.4343213833813 1199.2616786166154 2281.2776786166164
3068.2743213833837 2864.2263213833826 3083.117678616619 2879.0696786166177
2555.970321383385 1389.0903213833822 2570.81367861662 1403.9336786166173
1943.2549574019429 99.95895740194008 1957.9930425980626 114.69704259805987
1455.9109574019396 2469.9109574019394 1470.6490425980594 2484.649042598059
3449.590957401935 1555.1269574019407 3464.329042598055 1569.8650425980604
3631.798957401936 3467.6869574019397 3646.537042598056 3482.4250425980595
1530.7909574019425 1249.3669574019395 1545.5290425980622 1264.1050425980593
430.054957401936 1554.50295740194 444.79304259805576 1569.2410425980597
1409.7349574019315 1309.8949574019407 1424.4730425980513 1324.6330425980605
2902.5008654576195 993.6848654576121 2916.923134542394 1008.1071345423865
1303.1888654576094 890.724865457613 1317.6111345423835 905.1471345423873
2365.860865457611 23.36486545761239 2380.2831345423856 37.787134542386745
1244.532865457613 1839.8288654576136 1258.9551345423872 1854.2511345423877
1876.6448654576163 1568.388865457612 1891.0671345423905 1582.811134542386
305.4128654576158 303.54086545761277 319.83513454239016 317.96313454238714
2924.393501476175 2398.361501476171 2938.7104985238343 2412.67849852383
2598.6655014761627 3059.80150147617 2612.982498523822 3074.118498523829
1491.065501476177 1389.9775014761708 1505.3824985238361 1404.29449852383
1652.0575014761653 1531.0015014761702 1666.3744985238245 1545.3184985238295
2851.3855014761634 445.24150147617 2865.7024985238227 459.55849852382926
1276.4621374947205 699.2621374947279 1290.6738625052644 713.473862505272
2501.9981374947197 1140.4301374947286 2516.2098625052636 1154.6418625052725
205.67813749473308 1698.2861374947286 219.88986250527714 1712.4978625052725
65.33077351329419 2908.274773513286 79.43722648672312 2922.3812264867147
2775.362773513288 98.40277351328567 2789.4692264867167 112.5092264867146
3235.8747735132874 1405.682773513285 3249.981226486716 1419.789226486714
950.1627735132804 93.41077351328548 964.2692264867094 107.5172264867144
1055.047409531842 2009.7674095318425 1069.0485904681557 2023.7685904681562
1197.9434095318504 1397.623409531844 1211.944590468164 1411.6245904681575
1226.0234095318426 2688.6794095318432 1240.0245904681562 2702.6805904681573
366.2040455504089 1372.092045550401 380.09995444960754 1385.9879544495998
3623.484045550408 2024.1720455503998 3637.379954449607 2038.0679544495986
3361.404045550398 2532.732045550401 3375.299954449597 2546.6279544495997
342.4920455504021 2609.4840455504013 356.3879544496007 2623.3799544496
687.5640455504004 1456.3320455504 701.4599544495991 1470.2279544495987
2202.0120455503957 846.6840455504007 2215.9079544495944 860.5799544495994
1672.9126815689629 2798.6086815689573 1686.7033184310462 2812.3993184310407
2778.640681568957 1480.7206815689588 2792.4313184310404 1494.5113184310421
2703.1366815689516 2882.2246815689577 2716.927318431035 2896.015318431041
2090.992681568955 333.1846815689582 2104.7833184310384 346.97531843104167
2910.981317587508 814.3413175875164 2924.666682412476 828.0266824124849
1726.0053175875075 3645.429317587517 1739.690682412476 3659.114682412485
3031.413317587516 805.6053175875156 3045.098682412484 819.2906824124841
2957.157317587516 1627.4133175875156 2970.842682412484 1641.098682412484
356.9493175875148 3692.2293175875166 370.6346824124832 3705.9146824124846
1523.8293175875174 2174.037317587517 1537.5146824124859 2187.722682412485
1690.4373175875153 1430.8533175875148 1704.1226824124838 1444.5386824124832
1746.5973175875172 2860.4373175875153 1760.2826824124857 2874.1226824124833
3722.1813175875154 2778.0693175875167 3735.8666824124834 2791.7546824124847
999.0453175875125 173.4933175875156 1012.730682412481 187.17868241248397
3307.8979536060806 697.7059536060731 3321.478046393934 711.2860463939262
42.50595360607821 3003.385953606074 56.08604639393144 3016.9660463939276
3037.7059536060674 2117.9299536060735 3051.286046393921 2131.510046393927
1959.43395360608 996.6019536060737 1973.014046393933 1010.1820463939268
2856.745953606072 1860.217953606074 2870.3260463939255 1873.798046393927
2665.801953606065 2711.977953606073 2679.3820463939187 2725.5580463939264
2434.92195360608 138.60195360607366 2448.5020463939336 152.1820463939269
393.2465896246254 3269.262589624631 406.7214103753635 3282.737410375369
2949.774589624631 2769.4385896246317 2963.2494103753693 2782.91341037537
1546.3985896246338 3100.7825896246313 1559.873410375372 3114.2574103753695
78.12658962462827 994.7825896246314 91.60141037536634 1008.2574103753694
3045.870589624629 633.4865896246312 3059.345410375367 646.9614103753692
460.06722564318255 3694.259225643189 473.43677435680553 3707.628774356812
3616.259225643196 300.3232256431888 3629.6287743568187 313.69277435681175
3502.6912256431856 1543.9552256431884 3516.0607743568085 1557.3247743568113
350.2958616617478 3200.1038616617457 363.5601383382556 3213.368138338253
1937.1278616617517 3725.5118616617474 1950.3921383382597 3738.776138338255
1772.3918616617455 2571.1118616617464 1785.6561383382534 2584.376138338254
2016.3758616617397 583.0478616617464 2029.6401383382477 596.3121383382542
3519.5918616617532 312.23186166174565 3532.8561383382607 325.4961383382535
2478.135861661746 1598.2958616617454 2491.4001383382533 1611.5601383382534
1965.8844976803045 1247.6604976803048 1979.0435023196972 1260.8195023196974
1357.484497680308 2838.8604976803026 1370.6435023197007 2852.0195023196957
1021.7724976803013 3368.636497680303 1034.931502319694 3381.795502319696
232.46513369886733 3505.3451336988614 245.51886630114487 3518.398866301139
3380.5451336988594 3217.681133698862 3393.598866301137 3230.73486630114
3466.03313369886 895.7771336988613 3479.086866301138 908.8308663011388
3713.137133698869 1645.825133698861 3726.190866301147 1658.8788663011387
1290.1977697174207 2662.9977697174177 1303.146230282583 2675.94623028258
1753.8297697174178 1939.1577697174178 1766.7782302825801 1952.10623028258
40.949769717414696 2547.557769717419 53.898230282577074 2560.5062302825813
196.32576971741173 2812.7577697174193 209.27423028257408 2825.7062302825816
752.3624057359815 857.1944057359764 765.2055942640287 870.0375942640236
3609.6584057359687 1495.5464057359766 3622.5015942640157 1508.389594264024
520.2344057359727 1811.2904057359765 533.0775942640199 1824.133594264024
1464.9704057359788 2260.570405735976 1477.8135942640263 2273.413594264023
3375.711041754526 402.97504175453446 3388.4489582454585 415.71295824546655
1848.159041754539 129.03904175453386 1860.896958245471 141.77695824546595
618.8790417545399 3076.815041754533 631.616958245472 3089.5529582454656
2213.199041754526 1054.4310417545337 2225.9369582454588 1067.1689582454658
2399.1510417545273 3427.503041754534 2411.88895824546 3440.2409582454666
2804.751041754531 536.5110417545336 2817.4889582454634 549.2489582454657
2309.2950417545417 1022.6070417545332 2322.032958245474 1035.3449582454653
832.9110417545332 1865.0070417545332 845.6489582454653 1877.7449582454653
2212.6276777730986 2217.619677773091 2225.260322226916 2230.2523222269083
2346.163677773098 1018.2916777730912 2358.796322226915 1030.924322226908
1908.115677773099 1043.2516777730918 1920.7483222269157 1055.8843222269086
580.2436777730901 3733.9396777730913 592.8763222269071 3746.5723222269085
2588.2756777730833 2383.6036777730906 2600.9083222269005 2396.2363222269078
3010.099677773094 376.1956777730917 3022.732322226911 388.82832222690865
3277.7956777730947 185.25167777309218 3290.428322226912 197.88432222690915
2855.3476777730993 2057.8756777730914 2867.9803222269165 2070.5083222269086
525.3316777730939 2543.971677773091 537.9643222269109 2556.604322226908
2236.9636777730907 2250.0676777730914 2249.596322226908 2262.7003222269086
1221.1443137916572 1729.7043137916492 1233.671686208359 1742.231686208351
2462.904313791645 1013.9763137916489 2475.431686208347 1026.5036862083507
1503.816313791641 2842.9203137916484 1516.343686208343 2855.44768620835
1699.8049498102125 780.6529498102062 1712.227050189799 793.0750501897929
2081.068949810206 205.32494981020673 2093.4910501897925 217.74705018979338
3427.0369498102123 2164.6849498102065 3439.4590501897987 2177.107050189793
3691.6129498101986 1954.3969498102063 3704.035050189785 1966.8190501897927
939.7729498102011 1611.8209498102065 952.1950501897878 1624.243050189793
2209.612949810199 3193.036949810206 2222.0350501897856 3205.4590501897924
3480.7535858287606 1040.9135858287648 3493.0704141712317 1053.2304141712364
1791.5855858287641 835.617585828764 1803.9024141712357 847.9344141712356
2189.750221847325 1070.9182218473227 2201.9617781526817 1083.129778152679
217.28622184732436 3590.630221847321 229.49777815268075 3602.8417781526778
2793.7822218473184 184.8382218473213 2805.993778152675 197.0497781526777
937.3822218473221 782.0062218473214 949.5937781526785 794.2177781526779
2750.1548578658803 1014.1868578658791 2762.2611421341217 1026.2931421341204
1645.0508578658707 3069.01885786588 1657.157142134112 3081.1251421341212
2289.0188578658776 989.22685786588 2301.125142134119 1001.3331421341213
3651.210857865873 3021.5948578658795 3663.3171421341144 3033.701142134121
1838.4908578658726 2500.554857865879 1850.597142134114 2512.6611421341204
1656.2828578658714 856.3148578658793 1668.3891421341127 868.4211421341206
2800.7514938844315 3273.743493884437 2812.7525061155575 3285.744506115563
5.231493884437372 1811.7114938844372 17.23250611556348 1823.7125061155632
23.95149388443808 1589.5674938844359 35.95250611556419 1601.5685061155618
2163.6474938844394 775.247493884437 2175.6485061155654 787.2485061155631
1674.4314938844443 2405.1354938844374 1686.4325061155703 2417.1365061155634
2144.3561299029934 2205.508129902995 2156.251870097004 2217.4038700970054
251.14012990299835 2760.8681299029954 263.0358700970093 2772.763870097006
791.5241299029892 1342.5161299029953 803.4198700970003 1354.4118700970064
411.5081299030015 1849.2041299029938 423.40387009701243 1861.099870097005
2246.692129903003 1170.2921299029942 2258.587870097014 1182.1878700970053
3675.6521299029982 234.9161299029941 3687.547870097009 246.81187009700506
1330.660129902992 559.396129902995 1342.555870097003 571.291870097006
264.24412990299 1014.2921299029942 276.13987009700094 1026.1878700970053
1295.76876592156 238.7127659215518 1307.5592340784558 250.50323407844763
3330.632765921557 3212.0727659215518 3342.4232340784533 3223.863234078448
3339.3687659215457 1034.3127659215522 3351.159234078442 1046.103234078448
1619.624765921546 3077.912765921552 1631.4152340784417 3089.703234078448
471.4647659215436 721.0647659215517 483.2552340784394 732.8552340784474
176.31276592155308 1911.6567659215525 188.1032340784489 1923.4472340784482
243.70476592155563 1997.1447659215528 255.49523407845146 2008.9352340784485
1912.904765921545 2578.0887659215505 1924.6952340784408 2589.8792340784466
2123.8694019401164 3605.8694019401096 2135.554598059897 3617.5545980598904
2729.773401940101 3421.1654019401103 2741.4585980598818 3432.850598059891
3399.9494019401086 103.35740194011039 3411.6345980598894 115.04259805989106
311.14940194011575 1762.5734019401095 322.83459805989645 1774.2585980598903
2181.2774019401068 1667.7254019401084 2192.9625980598876 1679.4105980598893
1645.261401940101 1767.5654019401088 1656.9465980598818 1779.2505980598896
373.5494019401122 2282.365401940111 385.2345980598929 2294.050598059892
842.8500379586758 2844.0180379586673 854.4299620413412 2855.5979620413327
1537.9860379586607 2098.9620379586677 1549.5659620413262 2110.541962041333
3318.882037958669 952.6740379586672 3330.4619620413346 964.2539620413327
3717.670673977233 2279.3506739772247 3729.145326022783 2290.825326022775
343.0786739772232 1964.2306739772248 354.55332602277366 1975.7053260227754
2925.1906739772267 700.006673977225 2936.6653260227768 711.4813260227753
2255.014673977219 2069.062673977224 2266.489326022769 2080.5373260227743
157.1266739772221 2988.8386739772245 168.6013260227725 3000.3133260227746
215.78267397721842 1418.230673977225 227.2573260227688 1429.7053260227756
55.41467397723303 212.66267397722444 66.88932602278344 224.13732602277483
710.6146739772224 984.5506739772248 722.0893260227728 996.0253260227752
3328.3473099957755 1903.7553099957818 3339.716690004211 1915.124690004217
1465.0833099957817 3615.3873099957827 1476.452690004217 3626.7566900042184
401.7873099957771 2963.3073099957815 413.1566900042124 2974.676690004217
1619.211309995791 1276.635309995782 1630.5806900042262 1288.0046900042173
1642.351946014334 132.27194601433993 1653.6160539856544 143.53605398566006
775.6159460143459 551.5999460143404 786.880053985666 562.8640539856605
256.44794601433216 1574.3359460143402 267.71205398565223 1585.6000539856605
3161.167946014333 2188.975946014339 3172.4320539856535 2200.2400539856594
2437.327946014335 2209.5679460143406 2448.592053985655 2220.832053985661
2797.3759460143337 957.1999460143398 2808.640053985654 968.4640539856599
1201.236582032896 2384.9645820328974 1212.395417967101 2396.1234179671023
1089.5405820328947 3289.1405820328982 1100.6994179670996 3300.299417967103
1402.1645820328974 3442.6445820328972 1413.3234179671024 3453.803417967102
205.33258203289367 1535.0765820328984 216.49141796709867 1546.2354179671033
2633.940582032891 2832.996582032897 2645.099417967096 2844.155417967102
3074.484582032902 3118.1645820328977 3085.643417967107 3129.3234179671026
566.0045820328955 2764.9805820328984 577.1634179671005 2776.1394179671033
2426.825218051453 96.80921805145486 2437.8787819485424 107.86278194854471
3395.897218051451 3179.369218051455 3406.9507819485407 3190.4227819485445
2794.9852180514554 1594.4092180514551 2806.038781948545 1605.4627819485452
2255.2778540700065 1799.1338540700121 2266.2261459299816 1810.0821459299868
1261.8698540700163 2602.845854070012 1272.818145929991 2613.7941459299873
2166.669854070009 1108.9898540700121 2177.618145929984 1119.9381459299868
869.3738540700044 2834.3498540700116 880.3221459299791 2845.2981459299867
1151.421854070021 987.3098540700123 1162.3701459299957 998.258145929987
2253.4058540700153 2189.1338540700117 2264.3541459299904 2200.082145929987
723.3578540700166 3560.6858540700123 734.3061459299913 3571.6341459299874
1388.5418540700184 2687.0858540700133 1399.490145929993 2698.0341459299884
2951.0378540700126 2177.277854070013 2961.9861459299877 2188.226145929988
3379.154490088574 2941.7304900885697 3389.997509911434 2952.5735099114295
3019.1064900885754 369.602490088571 3029.949509911435 380.4455099114306
757.7304900885784 3444.0504900885694 768.573509911438 3454.893509911429
1033.5384900885654 653.5224900885697 1044.3815099114247 664.3655099114293
237.31449008857646 2302.1304900885707 248.15750991143602 2312.9735099114305
1758.055126107124 1729.3511261071283 1768.7928738928683 1740.0888738928727
2391.415126107133 1570.8551261071275 2402.1528738928773 1581.592873892872
2299.0631261071353 2279.7191261071275 2309.8008738928797 2290.456873892872
1855.3991261071271 3397.3031261071274 1866.1368738928716 3408.040873892872
2484.3911261071335 823.3031261071278 2495.128873892878 834.0408738928722
664.1831261071325 727.2071261071274 674.9208738928769 737.9448738928718
2325.2711261071363 295.39912610712736 2336.0088738928807 306.1368738928718
1145.287126107124 33.31912610712744 1156.0248738928685 44.056873892871856
313.4951261071251 85.11112610712736 324.2328738928695 95.84887389287177
2687.8151261071293 1237.639126107128 2698.552873892874 1248.3768738928725
1817.335126107123 1178.3591261071278 1828.0728738928674 1189.0968738928723
3684.96712610712 3622.567126107128 3695.7048738928643 3633.3048738928724
180.6357621256865 1515.995762125685 191.26823787431576 1526.628237874314
1760.6037621256935 1524.107762125686 1771.2362378743226 1534.740237874315
2239.2117621256907 473.29176212568507 2249.84423787432 483.9242378743144
504.4917621256899 719.7717621256855 515.1242378743192 730.4042378743148
83.29176212568281 2178.6837621256855 93.92423787431208 2189.3162378743145
3254.4597621256785 936.2997621256853 3265.0922378743076 946.9322378743146
2146.23576212569 548.1717621256852 2156.868237874319 558.8042378743145
1776.2037621256793 842.6997621256854 1786.8362378743084 853.3322378743147
1696.384398144245 3188.3683981442423 1706.9116018557593 3198.895601855756
272.41639814423866 882.6883981442427 282.94360185575283 893.2156018557569
287.3923981442392 1413.7123981442435 297.9196018557534 1424.2396018557577
1582.8163981442349 1940.992398144243 1593.343601855749 1951.5196018557572
83.96839814424337 1489.8403981442436 94.49560185575749 1500.3676018557578
1908.5443981442475 3331.8883981442423 1919.0716018557616 3342.415601855756
