0.26815865317025167 0.24932531983691839 0.35684134682974833 0.33800801349641507
0.25761935892028465 0.28995269225362014 0.3367139744130444 0.3690473077463799
0.30231618163925394 0.8389828483059187 0.3810171516940832 0.9176838183607479
0.7465773935048516 0.6192440601715171 0.8234226064951511 0.6960892731618166
0.8864936735554613 0.014827006888795118 0.9565063264445376 0.08483965977787145
0.11968318571629272 0.7431831857162938 0.1813168142837045 0.8048168142837056
0.3001289891747527 0.04779565584141714 0.36153767749191845 0.10920434415858289
0.08078363559679566 0.6099503022634614 0.14188303106987313 0.6710496977365388
0.8056734148741725 0.4450067482075074 0.8643265851258245 0.5036599184591594
0.24087227611415715 0.46270560944749045 0.29879439055250945 0.5206277238858428
0.3244003936454387 0.6845670603121043 0.3822662730212295 0.7424329396878953
0.466358428230002 0.9193584282300014 0.5219749051033326 0.9749749051033318
0.8595713482356253 0.07923801490229171 0.9144286517643756 0.1340953184310419
0.2911878954027823 0.7793545620694504 0.34514543793054836 0.8333121045972165
0.5020314213412082 0.49069808800787285 0.554301911992129 0.5429685786587937
0.421889006045268 0.05138900604526933 0.47244432728806285 0.10194432728806421
0.702591944327288 0.2680919443272881 0.7517413890060453 0.31724138900604537
0.6745840011247025 0.11008400112470124 0.7227493322086332 0.15824933220863208
0.4362386475467447 0.9595719808800787 0.4840946857865872 1.0074280191199212
0.8271223112610719 0.8999556445944048 0.8735443554055959 0.946377688738929
0.6866325038661589 0.23629917053282715 0.7313674961338379 0.281034162800506
0.17908849992970666 0.369255166596373 0.2219115000702943 0.4120781667369607
0.634978068325599 0.029811401658934374 0.6776885983410637 0.07252193167439902
0.8530624209194448 0.20039575425277661 0.8956042457472249 0.24293757908055674
0.0532592436384082 0.21042591030507515 0.09540742302825778 0.25257408969492473
0.051190988331223305 0.9180243216645579 0.0931423450021076 0.9599756783354422
0.5837011809363122 0.8275345142696469 0.6239654857303514 0.867798819063686
0.8327313369886148 0.48073133698861253 0.8726019963447232 0.520601996344721
0.03956670884296268 0.8585667088429636 0.07909995782370217 0.898099957823703
0.6006773513285547 0.71334401799522 0.6379893153381148 0.75065598200478
0.9116090960213674 0.6916090960213692 0.9487242373119622 0.728724237311964
0.8689947982567119 0.2978281315900465 0.9043385350766191 0.3331718684099537
0.7876655419654175 0.3131655419654156 0.8223344580345866 0.3478344580345847
0.26280816814283736 0.9804748348095037 0.29685849852382995 1.0145251651904963
0.36951904962744475 0.820352382960776 0.40314761703922597 0.8539809503725573
0.6977319696330656 0.049565302966399716 0.7306013637002665 0.08243469703360062
0.7183444397581871 0.10684443975818933 0.7509888935751419 0.13948889357514418
0.03052924223253138 0.4925292422325317 0.06247075776746741 0.5244707577674678
0.8332943202586811 0.2701276535920145 0.8650390130746519 0.3018723464079853
0.2922983973007184 0.4886317306340501 0.3233682693659511 0.5197016026992828
0.4371439617601588 0.2609772950934909 0.4661893715731772 0.2900227049065093
0.4892605089273179 0.878260508927316 0.5174061577393523 0.9064061577393504
0.6968750175734587 0.34004168424012393 0.724458315759878 0.3676249824265432
0.11441923239139615 0.4915858990580626 0.14158076760860408 0.5187474342752705
0.1181421341206229 0.5518088007872908 0.14519119921270782 0.5788578658793757
0.8735337410375366 0.8073670743708701 0.9001329256291295 0.833966258962463
0.6875638970898368 0.3810638970898353 0.7137694362434992 0.4072694362434976
0.07702783635596977 0.9708611696893013 0.10230549697736721 0.9961388303106986
0.08408407141853153 0.6572507380851959 0.10924926191480597 0.6824159285814703
0.09268248277801212 0.7175158161113452 0.11765085055532128 0.7424841838886543
0.06523871784057497 0.5920720511739067 0.0900946154927611 0.6169279488260929
0.5082808941374939 0.864780894137495 0.5330524391958378 0.8895524391958389
0.48501785463236474 -0.00848214536763681 0.5096488120343049 0.0161488120343033
0.6880600309292841 0.6815600309292844 0.7126066357373819 0.7061066357373822
0.6812067341487434 0.07970673414874178 0.7044599325179267 0.10295993251792497
0.01122283143539925 0.6593894981020665 0.034110501897932646 0.6822771685645999
0.4717790664979616 0.8997790664979612 0.494554266835372 0.9225542668353717
0.9681967524251387 0.6023634190918035 0.9908032475748645 0.6249699142415293
0.4263915366230853 0.9003915366230844 0.44894179671024964 0.9229417967102487
0.6365180655138472 0.3598513988471811 0.6588152678194847 0.3821486011528187
0.24810649514972538 0.5566064951497258 0.26956017151694034 0.5780601715169407
0.9539820047799821 0.4526486714466471 0.9753513285533548 0.47401799522001986
0.13099606354561974 0.9389960635456208 0.1523372697877117 0.9603372697877127
0.029650709967667152 0.9521507099676648 0.05068262336567081 0.9731826233656685
0.9600162378743142 0.1588495712076479 0.9803170954590184 0.17915042879235196
0.6181869815830171 0.7828536482496837 0.6378130184169831 0.8024796850836498
0.9541468438071116 0.08798017714044708 0.9735198228595509 0.10735315619288628
-0.0005719808800791829 0.9267613524532547 0.01823864754674494 0.9455719808800789
0.4309581751722184 0.8567915085055534 0.449375158161112 0.875208491494447
0.702361802333756 0.006195135667088517 0.7206381976662458 0.024471530999578325
0.23676542949528936 0.7524320961619568 0.2549012371713754 0.7705679038380429
0.7869602136932394 0.4552935470265713 0.805039786306764 0.4733731196400959
0.5297112329537466 0.004211232953746766 0.5476221003795865 0.022122100379586777
0.12363095740194197 0.08279762406860669 0.14103570926472841 0.10020237593139314
0.5813398003655266 0.01817313369886117 0.5986601996344707 0.03549353296780536
0.37786791789680674 0.8050345845634755 0.3951320821031894 0.8222987487698582
0.8913960354280903 0.5518960354280894 0.9086039645719115 0.5691039645719106
0.6856772107408948 0.3081772107408968 0.7023227892591009 0.32482278925910296
0.035177210740896234 0.6701772107408973 0.05182278925910233 0.6868227892591033
0.9100246028398691 0.8630246028398709 0.9266420638267945 0.8796420638267963
0.28630373963165967 0.9158037396316604 0.30269626036833897 0.9321962603683397
0.2761651904962726 0.4324985238296075 0.2925014761703904 0.44883480950372534
0.6163740334598646 0.09887403345986209 0.6326259665401401 0.11512596654013765
0.23697244481934465 0.39513911148601166 0.25302755518065495 0.4111942218473219
0.6874865035849855 0.8796531702516519 0.7035134964150151 0.8956801630816815
0.018876071980880305 0.43437607198088013 0.03479059468578681 0.4502905946857866
0.716723464079856 0.08055679741318726 0.7326098692534818 0.096443202586813
0.017946365809082154 0.42244636580908207 0.033720300857584894 0.43822030085758484
0.4723499929706172 0.2996833263039506 0.4879833403627162 0.3153166736960496
0.7511291297624064 0.1434624630957402 0.7665375369042594 0.15887087023759314
0.39343638408547826 0.8417697174188107 0.40856361591452367 0.8568969492478561
0.5792837761844488 0.6304504428511176 0.5943828904822134 0.6455495571488822
0.6378259524813744 0.2186592858147053 0.6528407141852969 0.23367404751862772
0.5070207366793177 0.5808540700126531 0.5219792633206787 0.5958125966540141
0.7952436384085482 0.2867436384085479 0.810089694924786 0.3015896949247857
0.6834243638408565 0.5740910305075215 0.6982423028258137 0.5889089694924787
0.7294404611275109 0.8576071277941797 0.7438928722058182 0.872059538872487
0.026287853226485615 0.5514545198931533 0.04071214677351218 0.56587881344018
0.8063159707577675 0.011815970757767595 0.8206840292422325 0.026184029242232662
0.24602685224237322 0.7768601855757064 0.259973147757627 0.7908064810909602
0.00638830310698929 0.605054969773654 0.020278363559681545 0.6189450302263462
0.94550077323211 0.6525007732321102 0.9591658934345563 0.6661658934345565
0.07979396878954119 0.5737939687895403 0.09320603121046063 0.5872060312104598
0.9373923801490207 0.5945590468156895 0.950607619850975 0.6077742865176438
0.8313100660761963 0.5228100660761982 0.8443566005904659 0.5358566005904678
0.15824181076901442 0.37374181076901425 0.17109152256431878 0.3865915225643186
0.5382699283002953 0.8954365949669622 0.5510634050330382 0.908230071699705
0.7161173203992703 0.7552839870659357 0.7288826796007324 0.7680493462673977
0.10629804583157394 0.32479804583157607 0.11903528750175531 0.3375352875017574
0.13856312385772523 0.8573964571910584 0.15110354280894134 0.8699368761422746
0.7342438492900344 0.28774384929003227 0.7467561507099697 0.3002561507099676
0.6910771826233653 0.22674384929003233 0.7035894840433006 0.23925615070996764
0.41675790805567453 0.4089245747223393 0.4292420919443291 0.42140875861099386
0.29717559398284715 0.9356755939828483 0.3094910726838172 0.9479910726838183
0.40944067200899675 0.29794067200899754 0.42155932799100154 0.31005932799100233
0.9339969070715568 0.8214969070715591 0.9460030929284386 0.8335030929284409
0.8907057500351462 0.5652057500351468 0.9026275832981857 0.5771275832981864
0.3842760438633502 0.338276043863349 0.3960572894699859 0.3500572894699847
0.9642901026289888 0.39212343596232274 0.9760432307043437 0.40387656403767774
0.9853603964571914 0.1308603964571911 0.9969729368761427 0.14247293687614232
0.32633431744692654 0.5818343174469278 0.33766568255307017 0.5931656825530716
0.3871676507802614 0.3225009841135948 0.398499015886405 0.3338323492197384
0.3311134542387196 0.6447801209053846 0.3422198790946172 0.6558865457612822
0.17011345423871818 0.6619467875720509 0.18121987909461582 0.6730532124279486
0.5581415717699995 0.7376415717699984 0.5691917615633356 0.7486917615633346
0.5426857865879394 0.8501857865879374 0.5533142134120642 0.8608142134120622
0.944744060171519 0.04007739350485041 0.9549226064951518 0.05025593982848319
0.7439388443694643 0.6347721777027974 0.7540611556305357 0.6448944889638687
0.3773143539997207 0.5888143539997187 0.3873523126669497 0.5988523126669477
0.34418986362997306 0.33268986362997327 0.35414346970335986 0.34264346970336007
0.04420392239561158 0.3905372557289472 0.05412941093771759 0.40046274427105316
0.37187058906227966 0.27970392239561376 0.3817960776043856 0.2896294109377197
0.1740513144945894 0.2673846478279208 0.18394868550541468 0.27728201883874604
0.8349127653591993 0.4424127653592016 0.8447539013074631 0.45225390130746534
0.4631216083227881 0.20578827498945582 0.4728783916772095 0.2155450583438773
0.291969000421764 0.8393023337550964 0.3016976662449047 0.8490309995782372
0.018983059187403457 0.9708163925207366 0.028683607479263434 0.9805169408125965
0.8056919021509911 0.43335856881765805 0.8153080978490087 0.4429747645156758
0.9020252354843249 0.5456919021509914 0.9116414311823425 0.555308097849009
0.9447200196822724 0.14988668634893873 0.9542799803177285 0.15944664698439495
0.6252340784479125 0.335400745114579 0.634765921552088 0.34493258821875444
0.6663043722761158 0.28613770560944735 0.6756956277238876 0.295528961057219
0.3953184310417555 0.2953184310417547 0.4046815689582464 0.3046815689582456
0.47601321523969964 0.5023465485730356 0.48532011809362907 0.5116534514269651
0.20884654857303628 0.22601321523970197 0.2181534514269657 0.2353201180936314
0.9847079994376505 0.204374666104316 0.9939586672290185 0.21362533389568392
0.3769027836355947 0.5827361169689302 0.3860972163644011 0.5919305496977367
0.3780694503022622 0.8340694503022634 0.38726388303106857 0.8432638830310699
0.350736116968931 0.2149027836355968 0.35993054969773736 0.22409721636440325
0.1870835090679048 0.8492501757345707 0.19624982426543044 0.8584164909320964
-0.0032217067341471124 0.639444959932518 0.005888373400817038 0.6485550400674822
0.3344871362294377 0.636153802896106 0.34351286377055956 0.6451795304372279
0.10102931252636183 0.35569597919302703 0.10997068747364144 0.3646373541403067
0.7932100379586674 0.1492100379586673 0.8021232953746663 0.15812329537466616
0.7234329396878937 0.7889329396878956 0.7322337269787697 0.7977337269787715
0.8969469984535337 0.9387803317868689 0.9057196682131288 0.947553001546464
0.34612772388584423 0.5761277238858429 0.3548722761141586 0.5848722761141572
0.5911558414171248 0.26615584141712345 0.5998441585828777 0.27484415858287625
0.5455172922817387 0.27901729228173755 0.5541493743849301 0.2876493743849289
0.6045172922817362 0.10235062561507113 0.6131493743849276 0.11098270771826246
0.7742683115422453 0.06143497820891324 0.7827316884577522 0.06989835512442005
0.23696309574019445 0.3427964290735274 0.24537023759313978 0.35120357092647275
0.9057964290735288 0.4144630957401941 0.914203570926474 0.4228702375931394
0.4594630957401958 0.34896309574019396 0.4678702375931411 0.3573702375931393
0.8638104878391675 0.26564382117250096 0.8721895121608321 0.27402284549416556
0.8221578799381412 0.5039912132714748 0.8305087867285249 0.5123421200618585
0.6163386053704506 0.7031719387037818 0.6246613946295537 0.7114947279628849
0.17621411500070186 0.7875474483340362 0.18445255166596267 0.795785884999297
0.14022817376634564 0.4202281737663432 0.14843849290032565 0.42843849290032326
0.7637422325319836 0.7425755658653171 0.7719244341346829 0.7507577674680165
0.7959088991986523 0.6409088991986506 0.8040911008013516 0.6490911008013499
0.3309229579642892 0.7280896246309576 0.3390770420357077 0.7362437087023761
0.910951075495573 0.36911774216223825 0.91904892450443 0.37721559117109527
0.8385213693237745 0.06968803599044003 0.8464786306762278 0.07764529734289329
0.464688035990442 0.3863547026571065 0.47264529734289523 0.3943119640095597
0.9394390552509484 0.3477723885842822 0.9472276114157172 0.3555609447490509
0.9907723885842805 0.05893905525094904 0.9985609447490493 0.06672761141571777
0.3629671727822286 0.3764671727822297 0.37069949388443585 0.3841994938844369
0.4183005061155609 0.6391338394488965 0.42603282721776814 0.6468661605511036
0.4853145648812038 0.4053145648812031 0.4930187684521303 0.4130187684521296
0.41087079994376485 0.21953746661043155 0.4184625333895683 0.227129200056235
0.9333989174750441 0.2238989174750456 0.940934415858286 0.23143441585828756
0.2080796429073505 0.2872463095740194 0.21558702375931169 0.29475369042598065
0.05807964290735428 0.5609129762406863 0.06558702375931548 0.5684203570926475
0.5079270350063253 0.5259270350063265 0.5154062983270057 0.5334062983270069
0.38260776043863554 0.13460776043863346 0.3900589062280352 0.14205890622803316
0.28330254463658233 0.7731358779699145 0.2906974553634205 0.7805307886967527
0.3171639955011969 0.9533306621678619 0.3245026711654736 0.9606693378321385
0.5960254463658113 0.7133587796991423 0.6033078869675265 0.7206412203008574
0.7438587796991447 0.039525446365809104 0.7511412203008598 0.04680788696752427
0.7368728384647848 0.1902061717981162 0.7441271615352193 0.19746049486855063
0.48120617179811476 0.12270617179811598 0.48846049486854914 0.1299604948685504
0.057386897230425477 0.28255356389708997 0.06461310276957914 0.2897797694362436
0.6804150147617062 0.9560816814283705 0.6875849852382984 0.9632516519049626
0.8249150147617045 0.16974834809503714 0.8320849852382967 0.17691831857162932
0.13263791649093332 0.45230458315759864 0.13969541684240244 0.45936208350906776
0.455513426121185 0.9153467594545202 0.4624865738788119 0.9223199072121471
0.08452748488682553 0.7658608182201603 0.09147251511317166 0.7728058484465063
0.35509777871503057 0.2062644453816954 0.36190222128497296 0.21306888795163773
0.3047644453816937 0.981431112048362 0.3115688879516361 0.9882355546183043
0.9289873471109227 0.7429873471109238 0.935679319555742 0.7496793195557432
0.43948734711092546 0.7176540137775904 0.4461793195557448 0.7243459862224098
0.8543487979755355 0.7666821313088712 0.8609845353577934 0.7733178686911291
0.35187691550681854 0.2612102488401518 0.35845641782651483 0.2677897511598481
0.9960435821734867 0.609043582173485 1.002623084493183 0.6156230844931814
0.9062243076057912 0.010890974272458984 0.9127756923942068 0.01744235906087456
0.572238366371433 0.20973836637143267 0.5787616336285679 0.21626163362856748
0.4815857584704049 0.3842524251370728 0.488080908196259 0.3907475748629269
0.7967524251370749 0.3645857584704064 0.803247574862929 0.3710809081962605
0.684766483902711 0.4322664839027132 0.6912335160972842 0.43873351609728656
0.9154472093350204 0.1452805426683537 0.921886123998313 0.15171945733164624
0.4896279347673264 0.15946126810066094 0.49603873189933817 0.16587206523267276
0.3649612681006613 0.42546126810066065 0.3713720652326731 0.4318720652326724
0.21550344439758387 0.2516701110642486 0.22182988893575342 0.25799655560241813
0.546864895262198 0.3486982285955294 0.5531351047378059 0.3549684380711375
0.7285456206945007 0.2360456206945031 0.734787712638828 0.2422877126388304
0.7485596794601419 0.058059679460143544 0.7547736538731884 0.06427365387319008
0.049559679460143814 0.6233930127934768 0.05577365387319035 0.6296069872065233
0.24157373822578201 0.5585737382257838 0.24775959510754778 0.5647595951075497
0.21442113032475862 0.11275446365809083 0.22057886967524365 0.11891220300857586
0.9337825811893731 0.18144924785603814 0.9398840854772966 0.18755075214396164
0.30096330662168064 0.5627966399550118 0.30703669337832346 0.5688700267116545
0.11147736538732096 0.021144032053985552 0.11752263461268299 0.027189301279347565
0.8864773653873171 0.605977365387319 0.8925226346126792 0.612022634612681
0.4269773653873211 0.15114403205398577 0.4330226346126831 0.1571893012793478
0.11517214958526695 0.28400548291859967 0.12116118374806745 0.28999451708140017
0.31617214958526507 0.9763388162519332 0.32216118374806557 0.9823278504147338
0.14088099254885414 0.7387143258821873 0.14678567411781238 0.7446190074511456
0.02606171798116235 0.19939505131449461 0.031938282018839845 0.20527161535217212
0.4759372276114141 0.9461038942780823 0.48172943905524934 0.9518961057219174
0.7371179530437224 0.3437846197103891 0.7428820469562769 0.3495487136229436
0.36445128637705737 0.9567846197103893 0.3702153802896119 0.9625487136229438
0.42663201180936283 0.37829867847602966 0.4323679881906366 0.3840346548573034
0.646646070575002 0.5081460705750034 0.652353929424995 0.5138539294249964
0.22564607057500508 0.0523127372416701 0.23135392942499805 0.058020596091663074
0.6376882468719228 0.09085491353859121 0.6433117531280735 0.09647841979474192
0.8748549135385898 0.7961882468719247 0.8804784197947405 0.8018117531280754
0.721202305637564 0.41803563897089807 0.7267976943624339 0.42363102769576805
0.0472163644032073 0.2608830310698722 0.052783635596796497 0.26645030226346145
0.20988303106987383 0.27438303106987205 0.215450302263463 0.2799503022634613
0.12804969773653818 0.5732163644032052 0.13361696893012737 0.5787836355967945
0.25739708983551357 0.33273042316884605 0.2629362434978221 0.33826957683115444
0.9012304231688469 0.035730423168845754 0.9067695768311553 0.0412695768311542
0.9735637565021799 0.7348970898355123 0.9791029101644882 0.7404362434978207
0.7559392661324322 0.8481059327991003 0.7613940672008985 0.8535607338675666
0.10360593279910112 0.46227259946576676 0.1090607338675673 0.46772740053423295
0.033286658231408646 0.915453324898074 0.03871334176859408 0.9208800084352594
0.1374533248980753 0.9017866582314072 0.14288000843526075 0.9072133417685927
0.8766199915647424 0.34761999156474066 0.8820466751019278 0.3530466751019261
0.1081199915647393 0.20828665823140724 0.11354667510192472 0.2137133417685927
0.37695332489807254 0.5306199915647405 0.382380008435258 0.5360466751019259
0.7966340503303797 0.27596738366371437 0.8020326163362843 0.2813659496696191
0.265800716997046 0.8271340503303809 0.2711992830029507 0.8325326163362855
0.7811340503303815 0.5163007169970478 0.7865326163362861 0.5216992830029524
0.8806481090960232 0.5783147757626882 0.8860185575706472 0.5836852242373122
0.18731477576268576 0.40064810909602167 0.1926852242373097 0.40601855757064564
0.4293288345283306 0.9349955011949953 0.4346711654716737 0.9403378321383384
0.5975236187262757 0.40585695205960926 0.6028097146070573 0.4111430479403909
0.014371010825250186 0.3535376774919163 0.0196289891747511 0.3587956558414172
0.16637101082525121 0.5375376774919163 0.17162898917475214 0.5427956558414171
0.8827043441585849 0.23953767749191607 0.8879623225080857 0.244795655841417
0.06955173625755537 0.09955173625755655 0.07478159707577553 0.10478159707577671
0.5442184029242242 0.18871840292422318 0.5494482637424444 0.1939482637424433
0.3350517362575583 0.03338506959088984 0.3402815970757785 0.03861493040911
0.12455173625755746 0.4963850695908899 0.1297815970757776 0.5016149304091101
0.18139912835653255 0.6283991283565306 0.18660087164347194 0.6336008716434699
0.915579853788835 0.7245798537888372 0.9207534795444937 0.7297534795444959
0.23909391255447582 0.2884272458878111 0.24423942077885374 0.29357275411218897
0.953274637986787 0.9481079713201181 0.9583920286798843 0.9532253620132154
0.5601079713201188 0.8861079713201182 0.565225362013216 0.8912253620132154
0.8549553634190935 0.2534553634190917 0.8600446365809099 0.2585446365809081
0.7269553634190934 0.5896220300857585 0.7320446365809098 0.5947113032475749
0.5163027555180655 0.22980275551806556 0.521363911148601 0.23486391114860122
0.03146942218473347 0.24296942218473233 0.036530577815269104 0.248030577815268
0.7721360888513983 0.3244694221847321 0.7771972444819338 0.3295305778152678
0.4074694221847335 0.7844694221847325 0.41253057781526914 0.789530577815268
0.7741501476170386 0.8613168142837059 0.7791831857162935 0.8663498523829608
0.29165014761703695 0.6228168142837056 0.2966831857162919 0.6278498523829605
0.7748168142837037 0.058150147617039315 0.7798498523829587 0.0631831857162942
0.36481681428370716 0.5763168142837056 0.3698498523829621 0.5813498523829606
0.5151642063826787 0.8308308730493463 0.5201691269506528 0.8358357936173204
0.2844975397160144 0.8934975397160132 0.28950246028398846 0.8985024602839873
0.4581642063826813 0.19199753971601294 0.4631691269506554 0.19700246028398707
0.5051782651483187 0.27151159848165335 0.5101550681850121 0.2764884015183467
0.7838449318149848 0.5270115984816531 0.7888217348516783 0.5319884015183466
0.8980115984816519 0.22684493181498658 0.9029884015183454 0.23182173485167998
0.48869232391396084 0.16469232391396038 0.49364100941937344 0.169641009419373
0.31635899058062883 0.6426923239139601 0.32130767608604144 0.6476410094193727
0.5632063826796017 0.5738730493462673 0.5681269506537334 0.578793617320399
0.8893730493462673 0.1545397160129341 0.894293617320399 0.15946028398706596
0.01753971601293482 0.5485397160129343 0.022460283987066693 0.553460283987066
0.8000397160129338 0.12070638267960082 0.8049602839870655 0.1256269506537327
0.18723450021088237 0.6614011668775484 0.1920988331224527 0.6662654997891186
0.7692345002108808 0.038567833544214856 0.7740988331224511 0.043432166455785216
0.6089152256431896 0.2555818923098552 0.6137514410234792 0.26041810769014484
0.3575818923098546 0.8500818923098549 0.36241810769014426 0.8549181076901445
0.5604152256431901 0.8030818923098549 0.5652514410234798 0.8079181076901446
0.5334292844088295 0.6209292844088287 0.5382373822578383 0.6257373822578375
0.03242928440882943 0.7595959510754955 0.03723738225783829 0.7644040489245043
0.8964292844088291 0.362929284408829 0.9012373822578379 0.3677373822578378
0.3064292844088304 0.2892626177421622 0.3112373822578392 0.29407071559117104
0.0789433431744692 0.18227667650780272 0.08372332349219731 0.1870566568255308
0.6662766765078026 0.36061000984113606 0.6710566568255308 0.36538999015886414
0.11279073527344341 0.017790735273443103 0.11754259805989076 0.02254259805989045
0.6486521861380581 0.3184855194713905 0.653347813861944 0.32318114719527635
0.05933291157036488 0.610332911570364 0.06400042176296997 0.615000421762969
0.8599995782370319 0.14233291157036418 0.8646670884296369 0.14700042176296926
0.24333291157036238 0.959332911570364 0.24800042176296747 0.9640004217629691
0.7911943624349775 0.13936102910164483 0.7958056375650211 0.14397230423168839
0.7897084212006201 0.049541754533951876 0.7942915787993831 0.0541249121327147
0.39870842120061956 0.17787508786728518 0.4032915787993824 0.182458245466048
0.42237508786728556 0.0028750878672853496 0.4269582454660484 0.007458245466048178
0.11272247996625857 0.5230558132995924 0.11727752003374066 0.5276108533670745
0.9563891466329272 0.842222479966259 0.9609441867004093 0.8467775200337411
0.6422224799662574 0.5778891466329259 0.6467775200337395 0.582444186700408
0.16556987206523352 0.9410698720652327 0.17009679460143481 0.945596794601434
0.7537365387318996 0.001736538731899232 0.7582634612681008 0.006263461268100554
0.9060698720652308 0.6739032053985657 0.9105967946014321 0.678430127934767
0.9060839308308711 0.6947505974975395 0.9105827358357917 0.6992494025024601
0.8965979895965136 0.9725979895965134 0.9010686770701534 0.9770686770701532
0.5052787150288184 0.26094538169548726 0.5097212849711775 0.2653879516378463
0.5549453816954854 0.19211204836215381 0.5593879516378445 0.1965546183045129
0.06544538169548812 0.488945381695487 0.06988795163784718 0.49338795163784605
0.049292773794460426 0.6921261071277943 0.053707226205538736 0.6965405595388726
0.28962610712779496 0.5259594404611275 0.29404055953887326 0.5303738928722058
0.9327927737944631 0.5264594404611277 0.9372072262055414 0.530873892872206
0.2226401658934328 0.9273068325601016 0.22702650077323036 0.931693167439899
0.02897349922676986 0.4066401658934345 0.03335983410656741 0.41102650077323205
0.27164016589343465 0.11347349922676803 0.2760265007732322 0.11785983410656559
0.06830683256010152 0.3188068325601013 0.07269316743989908 0.32319316743989884
0.22280683256010028 0.7211401658934347 0.22719316743989784 0.7255265007732321
0.21466828342471328 0.526334950091382 0.2189983832419493 0.530665049908618
0.9503490088570229 0.6136823421903558 0.9546509911429782 0.6179843244763111
0.7838630676226641 0.19936306762266262 0.7881369323773386 0.20363693237733718
0.17121045972163512 0.12271045972163656 0.1754562069450289 0.12695620694503035
0.2847245184872774 0.8705578518206103 0.28894214817939046 0.8747754815127233
0.3972245184872746 0.5670578518206101 0.4014421481793876 0.5712754815127231
0.8757245184872762 0.58005785182061 0.8799421481793892 0.584275481512723
0.7675719105862497 0.028405243919583833 0.7717614227470819 0.032594756080416114
0.43990524391958163 0.13157191058625045 0.44409475608041393 0.13576142274708275
0.6465859693518902 0.19575263601855744 0.6507473639814417 0.19991403064810895
0.12725263601855932 0.6109193026852244 0.13141403064811083 0.615080697314776
0.7490859693518918 0.269085969351891 0.7532473639814433 0.27324736398144256
0.4341000281175296 0.7214333614508649 0.43823330521580045 0.7255666385491356
0.638114086883173 0.21194742021650506 0.642219246450163 0.2160525797834951
0.739447420216507 0.6856140868831718 0.7435525797834971 0.6897192464501619
0.487961478982145 0.5104614789821453 0.4920385210178542 0.5145385210178546
0.9338088710811205 0.31547553774778564 0.9378577955855492 0.31952446225221415
0.12365626318009125 0.7061562631800925 0.127677070153239 0.7101770701532403
0.9816562631800906 0.46215626318009284 0.9856770701532384 0.4661770701532406
0.48450365527906836 0.37433698861239967 0.4884963447209354 0.3783296780542667
0.7378369886123987 0.2433369886123998 0.7418296780542656 0.24732967805426678
0.3163510473780396 0.6053510473780399 0.3203156192886259 0.6093156192886262
0.8195177140447072 0.7650177140447069 0.8234822859552935 0.7689822859552932
0.6826843807113742 0.37101771404470674 0.6866489526219605 0.37498228595529304
0.5190317728103481 0.02669843947701398 0.5229682271896535 0.030634893856319477
0.3888651061436804 0.6596984394770137 0.39280156052298587 0.6636348938563191
0.9213651061436793 0.41536510614368083 0.9253015605229847 0.4193015605229863
0.9700317728103462 0.9261984394770137 0.9739682271896517 0.9301348938563192
0.40886510614368116 0.33369843947701383 0.4128015605229866 0.3376348938563193
0.11486510614367948 0.41519843947701396 0.11880156052298499 0.4191348938563194
0.37653177281034506 0.3498651061436807 0.3804682271896505 0.35380156052298617
0.7752406157739369 0.2654072824406016 0.7790927175594 0.2692593842260648
0.3480739491072674 0.23790728244060172 0.35192605089273066 0.24175938422606497
0.6319072824406013 0.006240615773934926 0.6357593842260645 0.010092717559398163
0.33240728244060175 0.4914072824406019 0.336259384226065 0.49525938422606514
0.501240615773936 0.41890728244060144 0.5050927175593991 0.4227593842260647
0.08157394910726917 0.08107394910726823 0.08542605089273242 0.08492605089273148
0.78108800787291 0.6405880078729088 0.7849119921270925 0.6444119921270913
0.6940880078729067 0.8172546745395752 0.6979119921270892 0.8210786587937577
0.39825467453957714 0.3712546745395755 0.40207865879375965 0.375078658793758
0.44125467453957407 0.408921341206242 0.4450786587937566 0.41274532546042453
0.7615880078729069 0.118921341206242 0.7654119921270894 0.12274532546042448
0.34093539997188044 0.1867687333052158 0.3447312666947822 0.1905646000281175
0.6682687333052136 0.3046020666385492 0.6720646000281153 0.308397933361451
0.05493539997188383 0.45360206663854924 0.05873126669478557 0.457397933361451
0.017449458737525157 0.7767827920708562 0.021217207929146133 0.7805505412624772
0.7412827920708567 0.026282792070856296 0.7450505412624777 0.030050541262477273
0.8642827920708566 0.3754494587375227 0.8680505412624776 0.37921720792914365
0.25378279207085486 0.024949458737522776 0.2575505412624758 0.028717207929143753
0.28179685083649625 0.5367968508364965 0.28553648249683644 0.5405364824968367
0.31996351750316515 0.3732968508364968 0.32370314916350534 0.37703648249683697
0.3274635175031631 0.7181301841698299 0.3312031491635033 0.7218698158301701
0.09781090960213913 0.3664775762688038 0.10152242373119859 0.37018909039786324
0.9678109096021389 0.54064424293547 0.9715224237311985 0.5443557570645295
0.8978109096021363 0.6764775762688037 0.9015224237311958 0.6801890903978632
0.09147757626880398 0.6969775762688039 0.09518909039786344 0.7006890903978634
0.1836442429354702 0.3889775762688034 0.18735575706452964 0.39268909039786287
0.5881442429354689 0.22614424293547036 0.5918557570645284 0.22985575706452982
0.4468249683677785 0.7474916350344438 0.45050836496555724 0.7511750316322225
0.7421583017011104 0.39549163503444407 0.7458416982988891 0.3991750316322228
0.7219916350344422 0.7698249683677771 0.7256750316322209 0.7735083649655559
0.5584916350344431 0.08899163503444396 0.5621750316322218 0.09267503163222268
0.7775056938000824 0.2175056938000845 0.7811609728665803 0.22116097286658248
0.46100569380008216 0.9736723604667513 0.46466097286658015 0.9773276395332492
0.8096723604667511 0.21517236046675098 0.8133276395332489 0.21882763953324896
0.7898390271334177 0.434672360466751 0.7934943061999156 0.438327639533249
0.09533902713341742 0.9861723604667512 0.09899430619991538 0.989827639533249
0.40700569380008483 0.5806723604667513 0.4106609728665828 0.5843276395332492
0.45150569380008415 0.3821723604667508 0.45516097286658214 0.3858276395332488
0.4665056938000847 0.7640056938000842 0.4701609728665827 0.7676609728665821
0.994172360466751 0.7420056938000846 0.9978276395332488 0.7456609728665825
0.2668390271334168 0.0463390271334176 0.27049430619991477 0.04999430619991556
0.8835197525657267 0.186353085899058 0.8871469141009439 0.1899802474342752
0.011353085899059352 0.8021864192323916 0.01498024743427656 0.8058135807676089
0.8113530858990565 0.5656864192323915 0.8149802474342738 0.5693135807676087
0.5233530858990598 0.2661864192323915 0.5269802474342771 0.26981358076760875
0.7630197525657245 0.4968530858990582 0.7666469141009418 0.5004802474342754
0.7120197525657226 0.724353085899058 0.7156469141009398 0.7279802474342753
0.6503530858990598 0.03701975256572478 0.6539802474342771 0.04064691410094199
0.10503381133136362 0.8732004779980318 0.10863285533530008 0.8767995220019682
0.7878671446646984 0.7397004779980321 0.7914661886686348 0.7432995220019685
0.41303381133136585 0.8282004779980319 0.41663285533530225 0.8317995220019683
0.020867144664697718 0.26570047799803187 0.024466188668634176 0.2692995220019683
0.8135338113313645 0.1692004779980317 0.8171328553353009 0.17279952200196816
0.12288120343033723 0.9867145367636723 0.12645212990299293 0.990285463236328
0.9658812034303407 0.08021453676367234 0.9694521299029965 0.08378546323632803
0.9355478700970047 0.41238120343033874 0.9391187965696605 0.4159521299029944
0.0935619288626463 0.8547285955293125 0.09710473780402126 0.8582714044706874
0.5173952621959808 0.9950619288626461 0.5209380711373557 0.998604737804021
0.47339526219597905 0.6867285955293126 0.476938071137354 0.6902714044706876
0.5385619288626442 0.15572859552931262 0.5421047378040191 0.15927140447068755
0.9400619288626476 0.08339526219597902 0.9436047378040225 0.08693807113735398
0.661895262195979 0.42689526219597906 0.665438071137354 0.430438071137354
0.5250759876282866 0.3332426542949532 0.5285906790383806 0.3367573457050474
0.3625759876282874 0.7582426542949527 0.3660906790383816 0.7617573457050468
0.2729093209616189 0.8997426542949528 0.2764240123717131 0.9032573457050469
0.06209004639392824 0.9362567130605933 0.06557662027274168 0.9397432869394068
0.9029233797272594 0.8594233797272602 0.9064099536060729 0.8629099536060737
0.9257567130605929 0.23925671306059326 0.9292432869394064 0.24274328693940672
0.9917567130605954 0.4395900463939265 0.9952432869394089 0.44307662027274
0.34460410515956746 0.7112707718262335 0.3480625615071002 0.7147292281737662
0.4684374384929 0.5179374384929002 0.4718958948404327 0.5213958948404328
0.010937438492899226 0.6804374384929003 0.014395894840431911 0.6838958948404329
0.05243743849289843 0.7512707718262338 0.055895894840431115 0.7547292281737664
0.20095149725854206 0.22895149725854072 0.204381836074794 0.23238183607479265
0.9641181639252052 0.3994514972585407 0.9675485027414572 0.40288183607479267
0.13895149725853972 0.48378483059187405 0.14238183607479166 0.48721516940812604
0.3912848305918747 0.6037848305918739 0.3947151694081267 0.6072151694081259
0.9016322226908456 0.10763222269084781 0.9050344439758168 0.11103444397581898
0.49363222269084917 0.0344655560241812 0.4970344439758203 0.03786777730915238
0.165298889357516 0.8217988893575142 0.1687011106424872 0.8252011106424854
0.5911322226908458 0.28163222269084764 0.5945344439758169 0.2850344439758188
0.6407988893575127 0.9154655560241811 0.6442011106424839 0.9188677773091523
0.749132222690847 0.1432988893575143 0.7525344439758181 0.1467011106424855
0.6167988893575166 0.2731322226908476 0.6202011106424877 0.2765344439758187
0.2224655560241809 0.49813222269084756 0.22586777730915208 0.5015344439758187
0.5909796147898233 0.5923129481231548 0.5943537185435138 0.5956870518768453
0.6266462814564898 0.2719796147898214 0.6300203852101803 0.2753537185435118
0.50964628145649 0.27864628145648823 0.5130203852101806 0.28202038521017864
0.15497961478982109 0.9973129481231547 0.1583537185435115 1.0006870518768451
0.6913129481231526 0.6366462814564877 0.6946870518768431 0.6400203852101782
0.8039796147898219 0.10047961478982141 0.8073537185435125 0.10385371854351184
0.8754796147898223 0.04947961478982148 0.8788537185435128 0.05285371854351191
0.7626462814564902 0.549646281456488 0.7660203852101807 0.5530203852101785
0.14031294812315545 0.6794796147898214 0.14368705187684586 0.682853718543512
0.5974796147898213 0.6009796147898214 0.6008537185435118 0.6043537185435119
0.32616034022213064 0.46199367355546184 0.3295063264445403 0.4653396597778715
0.6578270068887941 0.27082700688879513 0.6611729931112038 0.2741729931112048
0.40166034022212643 0.759327006888795 0.4050063264445361 0.7626729931112046
0.4540077323211037 0.20850773232110204 0.45732560101223263 0.21182560101223097
0.5558410656544354 0.054841065654435646 0.5591589343455642 0.058158934345564565
0.9153410656544372 0.5781743989877688 0.918658934345566 0.5814922676788976
0.9860077323211002 0.5220077323211021 0.989325601012229 0.5253256010122309
0.25100773232110074 0.43050773232110223 0.2543256010122297 0.43382560101223117
0.5901743989877669 0.8528410656544354 0.5934922676788957 0.8561589343455642
0.9296884577534082 0.27802179108674274 0.9329782089132564 0.28131154224659094
0.4785217910867426 0.22318845775340926 0.4818115422465908 0.2264782089132574
0.5848691831857172 0.2860358498523831 0.5881308168142846 0.2892974834809506
0.05803584985238364 0.9590358498523829 0.06129748348095105 0.9622974834809502
0.7462025165190488 0.04936918318571612 0.7494641501476161 0.052630816814283526
0.2503691831857163 0.20886918318571632 0.2536308168142838 0.21213081681428372
0.7345499086180236 0.27088324195135666 0.7377834247153103 0.27411675804864327
0.4393832419513545 0.8197165752846901 0.4426167580486411 0.8229500913819768
0.6113832419513562 0.26421657528469017 0.6146167580486429 0.2674500913819768
0.9752165752846883 0.8070499086180234 0.978450091381975 0.8102834247153101
0.4910499086180215 0.6678832419513566 0.4942834247153081 0.6711167580486433
0.4423832419513546 0.22871657528468994 0.4456167580486412 0.23195009138197661
0.7480639673836621 0.8743973007169971 0.751269365949668 0.8776026992830029
0.0013973007169971613 0.4838973007169971 0.004602699283003066 0.487102699283003
0.006397300716997351 0.42456396738366353 0.009602699283003256 0.4277693659496694
0.5778973007169977 0.20706396738366384 0.5811026992830036 0.21026936594966972
0.4472306340503324 0.6423973007169972 0.4504360326163383 0.6456026992830031
0.5727446928159704 0.589078026149304 0.5759219738506957 0.5922553071840293
0.06707802614930512 0.7374113594826375 0.07025530718403027 0.7405886405173627
0.21141135948263604 0.3585780261493043 0.21458864051736118 0.36175530718402943
0.10991135948263929 0.49391135948263726 0.11308864051736443 0.4970886405173624
0.6000780261493063 0.312578026149304 0.6032553071840315 0.31575530718402917
0.9817446928159717 0.06274469281597067 0.9849219738506969 0.06592197385069581
0.35541135948263675 0.14941135948263756 0.3585886405173619 0.1525886405173627
0.07057802614930288 0.2709113594826374 0.07375530718402802 0.27408864051736254
0.3460920849149466 0.06375875158161104 0.349241248418391 0.06690791508505545
0.8895920849149459 0.8579254182482778 0.8927412484183903 0.8610745817517222
0.8919254182482761 0.27625875158161106 0.8950745817517205 0.27940791508505547
0.4325920849149428 0.8220920849149445 0.4357412484183872 0.8252412484183889
0.12592541824827552 0.19259208491494428 0.12907458175171993 0.1957412484183887
0.04709208491494474 0.5105920849149445 0.05024124841838913 0.5137412484183889
0.0650920849149454 0.5334254182482779 0.06824124841838981 0.5365745817517223
0.5109254182482759 0.6885920849149442 0.5140745817517203 0.6917412484183886
0.5672728103472534 0.9631061436805849 0.570393856319417 0.9662271896527485
0.7291061436805826 0.9137728103472517 0.7322271896527461 0.9168938563194152
0.9081061436805846 0.027606143680584963 0.9112271896527482 0.030727189652748607
0.08310614368058647 0.47077281034725144 0.08622718965275011 0.4738938563194151
0.5826061436805842 0.4454394770139179 0.5857271896527477 0.44856052298608157
0.43943947701391595 0.4721061436805846 0.4425605229860796 0.4752271896527483
0.09977281034725219 0.6096061436805851 0.10289385631941583 0.6127271896527486
0.2251202024462275 0.7596202024462252 0.22821313088711037 0.7627131308871081
0.41078686911289014 0.5606202024462255 0.4138797975537731 0.5637131308871084
0.886453535779559 0.2544535357795584 0.8895464642204419 0.25754646422044136
0.9929675945452011 0.6088009278785321 0.9960324054548032 0.6118657387881342
0.09163426121186517 0.5246342612118656 0.09469907212146732 0.5276990721214677
0.7813009278785328 0.18696759454519893 0.7843657387881349 0.19003240545480107
0.6023009278785307 0.5526342612118654 0.6053657387881328 0.5556990721214675
0.04196759454519822 0.7983009278785322 0.04503240545480035 0.8013657387881343
0.057634261211863894 0.37880092787853226 0.060699072121466024 0.38186573878813435
0.014800927878534462 0.05680092787853217 0.0178657387881366 0.0598657387881343
0.18980092787853162 0.2629675945451989 0.19286573878813376 0.266032405454801
0.8889816533108374 0.508481653310839 0.8920183466891589 0.5115183466891605
0.3913149866441725 0.9656483199775061 0.3943516800224939 0.9686850133558276
0.10731498664417125 0.7914816533108391 0.11035168002249263 0.7945183466891605
0.43248165331084154 0.34098165331083924 0.4355183466891629 0.3440183466891606
0.4386623787431449 0.03532904540981307 0.4416709545901855 0.0383376212568537
0.20716237874314794 0.14732904540981318 0.21017095459018856 0.1503376212568538
0.0684957120764776 0.42049571207647973 0.07150428792351822 0.42350428792352035
0.8443290454098111 0.5846623787431462 0.8473376212568517 0.5876709545901868
0.6509957120764783 0.5901623787431465 0.654004287923519 0.5931709545901871
0.7471623787431447 0.25566237874314623 0.7501709545901853 0.25867095459018685
0.320843104175453 0.63700977084212 0.32382356249121286 0.6399902291578797
0.2910097708421193 0.8785097708421203 0.2939902291578792 0.8814902291578801
0.3745097708421201 0.91950977084212 0.37749022915788 0.9224902291578798
0.05484310417545237 0.41000977084212026 0.05782356249121225 0.41299022915788014
0.7035097708421184 0.7566764375087867 0.7064902291578782 0.7596568958245464
0.821176437508788 0.8328431041754535 0.8241568958245478 0.8358235624912133
0.1511764375087862 0.7385097708421203 0.1541568958245461 0.7414902291578801
0.6481904962744265 0.025857162941093758 0.6511428370589056 0.028809503725572883
0.9070238296077593 0.849190496274427 0.9099761703922384 0.8521428370589061
0.7465238296077603 0.42585716294109377 0.7494761703922395 0.4288095037255729
0.6023712217067326 0.48053788837340067 0.6052954449599309 0.4834621116265991
0.33703788837340176 0.6952045550400674 0.33996211162660017 0.6981287782932657
0.5787045550400666 0.29620455504006743 0.5816287782932649 0.29912877829326584
0.2322045550400653 0.7570378883734006 0.23512877829326365 0.7599621116265989
0.307537888373403 0.26370455504006735 0.3104621116266014 0.26662877829326576
0.6018712217067349 0.5847045550400674 0.6047954449599332 0.5876287782932657
0.19320455504006856 0.9510378883734009 0.19612877829326691 0.9539621116265992
0.3708712217067356 0.7177045550400678 0.373795444959934 0.7206287782932661
0.7882045550400675 0.581537888373401 0.7911287782932658 0.5844621116265993
0.9025519471390423 0.7857186138057076 0.90544805286096 0.7886147195276253
0.8063852804723759 0.09871861380570804 0.8092813861942936 0.10161471952762566
0.20238528047237672 0.9198852804723743 0.20528138619429434 0.922781386194292
0.2760519471390399 0.174551947139041 0.2789480528609575 0.17744805286095863
0.0633852804723762 0.6148852804723746 0.06628138619429381 0.6177813861942922
0.4695660059046805 0.46189933923801507 0.47243399409531733 0.4647673274286519
0.6387326725713496 0.4195660059046815 0.6416006607619864 0.42243399409531834
0.6140660059046836 0.6088993392380148 0.6169339940953205 0.6117673274286516
0.4955660059046815 0.9073993392380149 0.4984339940953183 0.9102673274286517
0.6635660059046831 0.21989933923801483 0.6664339940953199 0.2227673274286517
0.17739933923801615 0.1942326725713481 0.18026732742865303 0.19710066076198499
0.6210660059046839 0.07889933923801483 0.6239339940953207 0.08176732742865168
0.30589933923801393 0.008899339238014763 0.30876732742865076 0.011767327428651626
0.08373267257134752 0.022732672571348127 0.08660066076198437 0.02560066076198499
0.7178993392380153 0.33056600590468177 0.7207673274286521 0.3334339940953186
0.48539933923801365 0.3147326725713483 0.4882673274286505 0.3176006607619851
0.9842326725713462 0.9675660059046816 0.987100660761983 0.9704339940953184
0.04824673133698892 0.40491339800365506 0.05108660199634502 0.40775326866301115
0.4702467313369907 0.40708006467032204 0.4730866019963468 0.40991993532967813
0.5980800646703233 0.1264133980036552 0.6009199353296795 0.1292532686630113
0.13474673133698983 0.19224673133698872 0.13758660199634593 0.1950866019963448
0.022246731336987933 0.5819133980036552 0.02508660199634404 0.5847532686630114
0.8692467313369868 0.250080064670322 0.872086601996343 0.2529199353296781
0.5732467313369898 0.14641339800365533 0.576086601996346 0.14925326866301142
0.47441339800365356 0.225080064670322 0.47725326866300966 0.22791993532967808
0.45309412343596295 0.8515941234359621 0.4559058765640383 0.8544058765640374
0.07276079010262786 0.23576079010262896 0.07557254323070321 0.23857254323070431
0.076760790102628 0.37759412343596244 0.07957254323070335 0.3804058765640378
0.4227607901026269 0.5184274567692957 0.42557254323070226 0.521239209897371
0.022427456769295768 0.39792745676929575 0.025239209897371124 0.4007392098973711
0.5097607901026302 0.8899274567692955 0.5125725432307056 0.8927392098973709
